phqgh 24 78 58 62 64 5 45 81 27 61 91 95
ircvs 2 53 92 82 21 16 18 95 47 26 71 38
xwfnf 94 3 11 22 33 73 64 41 11 53 68 47
ggxrp 23 41 29 78 16 35 90 42 88 6 40 42
ycqpe 29 70 50 6 1 93 48 29 23 84 54 56
kasvw 44 39 26 23 37 38 18 82 29 41 33 15
lsgyp 6 73 86 21 45 24 72 70 29 77 73 97
coeju 55 67 55 74 31 52 50 50 41 24 66 30
lfpbn 87 53 83 45 9 9 58 21 88 22 46 6
ehwqn 62 55 10 59 24 37 48 83 95 41 2 50
vaowu 21 48 99 68 84 81 34 53 99 18 38 0
sfzkv 48 83 7 21 10 17 13 14 9 16 35 51
ixjsw 3 24 8 44 9 89 2 95 85 93 43 23
bmnmg 58 18 80 96 98 81 89 98 9 57 72 22
augzq 57 58 91 15 88 56 11 2 34 72 55 28
ayyzp 69 42 44 16 81 98 22 51 21 99 57 76
ubfaa 10 3 69 61 88 1 89 55 23 2 85 82
pwsrt 32 32 69 54 21 89 76 29 68 92 25 55
cnfwl 60 18 53 39 23 79 96 87 29 49 37 66
bldvg 86 5 88 82 55 34 14 1 16 71 86 63
xtlhc 8 32 45 13 56 21 58 46 82 81 44 96
ufdxo 73 66 44 59 92 39 53 24 54 10 45 49
etcuk 18 87 5 58 91 2 25 77 14 14 24 34
ekjdq 87 97 18 77 73 70 63 68 92 85 2 80
pjsrd 25 43 24 23 72 61 81 3 32 5 93 25
fqmki 64 0 87 60 13 74 70 70 35 33 11 60
unfsk 94 95 24 19 25 76 94 58 2 71 66 78
zjeeu 19 52 0 87 60 26 10 57 70 15 76 27
fione 86 65 87 77 74 25 27 29 28 23 20 2
mtatb 95 25 64 60 2 16 30 26 11 71 11 47
psuac 63 40 51 62 29 0 13 58 78 65 7 77
egrpu 57 24 77 8 13 87 1 50 60 28 93 84
jopar 56 72 50 23 85 56 16 26 57 26 57 37
bbhaw 17 12 17 96 85 41 23 29 29 65 59 32
ohpkw 34 54 72 57 69 32 63 7 83 11 35 67
uvqnq 54 11 41 75 59 25 21 70 26 34 5 83
iexdz 34 37 34 56 93 76 5 62 48 81 0 13
brzmw 11 77 24 78 52 43 96 73 40 13 75 72
amdig 95 69 31 40 88 85 90 97 89 90 45 53
wjmwa 35 59 92 5 64 81 3 29 75 8 92 97
zudlt 41 29 40 13 74 1 77 15 83 13 92 24
lsdsm 27 84 75 86 98 70 87 47 4 3 21 63
mxoth 40 64 42 19 13 91 4 18 32 50 5 75
frimp 84 48 71 64 13 75 45 12 46 78 69 62
rxbgf 40 45 8 18 70 1 23 32 72 52 87 70
tbvtr 0 69 15 65 28 43 47 88 43 37 9 63
fbcgk 60 21 58 54 88 46 90 49 43 30 20 48
bmjrm 85 38 53 29 24 48 23 59 57 66 44 55
wsjrx 1 49 96 84 15 64 42 75 13 42 96 48
iqurp 4 5 26 12 75 93 65 36 36 41 14 94
owqcu 55 15 31 30 41 25 11 37 86 90 50 62
czfsk 8 62 33 54 3 34 3 56 48 24 17 13
recuy 58 50 55 61 64 3 76 43 9 2 61 89
oiduk 2 23 31 69 78 59 8 19 71 3 45 81
kqdpq 89 22 38 37 10 61 34 8 61 59 93 15
xdjgk 71 64 17 15 55 15 30 39 12 88 82 54
roswi 15 51 41 15 79 10 98 73 88 77 32 56
ljyti 23 63 28 84 78 0 71 85 74 71 33 67
xvgze 29 50 98 9 93 86 80 16 49 67 28 79
mphme 16 26 66 87 81 64 40 86 21 62 21 64
hfozq 41 45 62 23 31 6 68 18 2 7 7 81
yygmd 84 56 90 93 96 52 54 45 8 48 91 12
jghcw 4 95 52 69 79 38 23 18 66 59 98 86
gajqk 46 92 37 25 47 58 2 7 98 30 92 0
yzwmy 40 15 75 62 67 36 97 18 97 28 51 16
ydziv 20 40 60 47 62 55 75 92 61 54 98 46
ekyrg 63 75 15 21 75 15 28 34 70 5 64 57
yrarx 30 23 50 33 25 10 37 36 37 78 93 36
igbhz 5 37 4 37 23 64 70 8 68 81 85 52
raewk 96 72 49 40 74 19 43 11 41 89 19 65
jtsqd 9 64 66 93 74 9 0 95 73 89 61 72
cgfie 10 22 74 79 10 52 82 91 95 64 74 64
etoge 21 22 47 77 89 5 95 94 50 43 54 81
yynmk 62 67 8 15 8 23 59 34 4 86 19 58
racgf 92 87 32 56 74 47 21 83 22 31 76 83
mjqwi 20 11 82 56 90 25 24 86 77 69 43 34
zwyvi 83 28 27 26 71 97 12 3 27 8 45 8
jafbt 1 50 28 11 50 49 92 54 69 81 65 67
hhssq 30 1 42 77 77 70 2 64 81 90 23 37
prhtn 42 10 82 58 26 87 70 28 51 58 13 60
rsmea 28 34 41 18 3 67 65 38 81 57 50 14
iojlw 7 78 89 35 65 75 86 86 33 60 30 48
kifyg 35 10 99 37 92 82 28 52 69 44 94 8
wzmtg 64 97 43 49 15 41 89 0 12 48 23 51
ihreq 90 97 19 80 78 31 44 40 87 99 25 83
aefqz 60 34 40 97 85 29 40 5 91 92 10 49
yrfvv 93 20 97 26 76 90 82 78 59 18 89 59
rcygu 67 8 77 3 70 7 96 74 22 11 19 61
gupro 32 52 41 54 13 62 96 60 15 4 99 36
ausjg 40 17 6 70 41 82 49 23 58 5 21 95
qkamh 58 77 50 7 29 81 95 78 76 53 99 84
rzkkl 29 14 68 55 91 73 22 48 51 86 44 46
nxrqy 91 69 12 46 93 91 15 49 57 40 52 36
xxaed 83 94 80 97 65 65 13 61 78 78 78 40
jtbox 89 50 49 33 65 14 82 7 32 96 67 22
umndd 5 79 21 38 51 47 8 46 76 59 89 22
ckxaa 60 53 77 48 3 61 31 82 55 97 6 52
ngvvp 47 24 18 35 76 74 59 98 74 53 22 35
fcpyp 80 26 78 50 1 61 99 55 63 16 73 61
bzmqr 81 87 99 10 43 65 72 29 81 12 76 81
